1058618
1059967
1070077
1081010
1084135
1097896
1107093
1131238
1132473
1157898
1172356
1174752
1179996
1203147
1204362
1214353
1217271
1218909
1218934
1222280
1223146
1226293
1228411
1237001
1239203
1239514
1241662
1246627
1246628
1246629
1246630
1249724
1249727
1250715
1251542
1255315
1281040
1281066
1289674
1289693
1295885
1331640
1334080
1334086
1334117
1337981
1338546
1344305
1350131
1350228
1352311
1353197
1354427
1354462
1358167
1358168
1362709
1362715
1364481
1385590
1402887
1403936
1413629
1420845
1423096
1429629
1429631
1431848
1431862
1436249
1438289
1438303
1438323
1438326
1438350
1438374
1442256
1447283
1447317
1447318
1449119
1449126
1454610
1457240
1461709
1461719
1462593
1463692
1465152
1468408
1469078
1473028
1473048
1473055
1473116
1473149
1473162
1473178
1473226
1477414
1481430
1484011
1484418
1484691
1484789
1485608
1488972
1494387
1497096
1497350
1497425
1497428
1504917
1504921
1504932
1504973
1506161
1507740
1513082
1519705
1521487
1521538
1527823
1533984
1533985
1533986
1536098
1537503
1540751
1542854
1550047
1550084
1550095
1554669
1558572
1558573
1559773
1559785
1559791
1559798
1565699
1565701
1566035
1566048
1568568
1570154
1571794
1571903
1572182
1576894
1576904
1586058
1587098
1587396
1591944
1593775
1595754
1595775
1595978
1598297
1598327
1606880
1609445
1609451
1612009
1612301
1623383
1623384
1624165
1624166
1624222
1625441
1625456
1628404
1628449
1629102
1631292
1632927
1635759
1635859
1635864
1636275
1636981
1638165
1638537
1647460
1647465
1647469
1647477
1647478
1647489
1647491
1647501
1647506
1649142
1649171
1649173
1649700
1649788
1650026
1650658
1652494
1659014
1662542
1664770
1667051
1667763
1669697
1670214
1670233
1671270
1679671
1682206
1682505
1682780
1683167
1684119
1684134
1685523
1690659
1690660
1690670
1690672
1691617
1691676
1692474
1692475
1692480
1696022
1696240
1696829
1696841
1697181
1699218
1699362
1699363
1699377
1699379
1699380
1699385
1701338
1703432
1703492
1703493
1704037
1704039
1704040
1706815
1706820
1708701
1708702
1708703
1710663
1710664
1710670
1710783
1710784
1710792
1711376
1712526
1712528
1712734
1712832
1713744
1715890
1715893
1715896
1715899
1715901
1715902
1715954
1717532
1718130
1718943
1720109
1722386
1722389
1723060
1724726
1726727
1726732
1727431
1727460
1727695
1728025
1728040
1728069
1728141
1730622
1731724
1735758
1735919
1737796
1737799
1738147
1738288
1738291
1738294
1738361
1739043
1739044
1741756
1741757
1741758
1741780
1741785
1742527
1743713
1775012
1775013
1775072
1775073
1776152
1780808
1780809
1780822
1780823
1780829
1780868
1780869
1780870
1780872
1780873
1782026
1782033
1789415
1789419
1789443
1789450
1789454
1789486
1789966
1790017
1791410
1791415
1791421
1791427
1793256
1793322
1794511
1794978
1795206
1795207
1795242
1796068
1796076
1796084
1796089
1796127
1796133
1796141
1796152
1797445
1797448
1798017
1799185
1799209
1800731
1800733
1800734
1800857
1800877
1800959
1801011
1801029
1801030
1803006
1804688
1805176
1805212
1805894
1806029
1806040
1806041
1806792
1807416
1809835
1809836
1813159
1814979
1814984
1814992
1814996
1815003
1815021
1815030
1815032
1815061
1815752
1817502
1817504
1817512
1818252
1818253
1818350
1819073
1819456
1819683
1819905
1821906
1822272
1822276
1823006
1823539
1824241
1825332
1825497
1825499
1825838
1827111
1829082
1830976
1830985
1831618
1832182
1832375
1833403
1834365
1836204
1836343
1836347
1836349
1836352
1837156
1839143
1840534
1840539
1840541
1841133
1841144
1841173
1841858
1842087
1842093
1843142
1844283
1844949
1846943
1846961
1846963
1846964
1846966
1848245
1848282
1848283
1848284
1848286
1848935
1849204
1849499
1849504
1849507
1850711
1850712
1851356
1851357
1854235
1854370
1854779
1855539
1855540
1855541
1855542
1856898
1856901
1857002
1857154
1857363
1857457
1857551
1857579
1857580
1857583
1857584
1857587
1857589
1857590
1857597
1857598
1857600
1858176
1860830
1860836
1860838
1860843
1862334
1862340
1862356
1862360
1862376
1863933
1863934
1867643
1867646
1868106
1868798
1868815
1869080
1869081
1869082
1869092
1874835
1876798
1876803
1878468
1878704
1880316
1880388
1880490
1880492
1880494
1881476
1881490
1881497
1882480
1882807
1882962
1883033
1883639
1883882
1883885
1883902
1885605
1886873
1891782
1893003
1893006
1893008
1893034
1893035
1893595
1893606
1893616
1893624
1893625
1893646
1897071
1899146
1899156
1902672
1902761
1902950
1902962
1903256
1903258
1904973
1905052
1905365
1905381
1905384
1905386
1905387
1905793
1905873
1905882
1905960
1905979
1906726
1906727
1906728
1906730
1906733
1906735
1908099
1908101
1908148
1909003
1909649
1910804
1910844
1910894
1910902
1912522
1913013
1913015
1913023
1914472
1914586
1914587
1914915
1914919
1914925
1914942
1914943
1914978
1915908
1918599
1918734
1918770
1918946
1920380
1920668
1920672
1920677
1920680
1922086
1922092
1922096
1922101
1922561
1922562
1923886
1924102
1924114
1924115
1924119
1924125
1924130
1924131
1924223
1924925
1925307
1925334
1925719
1926049
1926051
1926790
1926969
1926977
1926986
1927027
1927052
1927053
1927057
1929623
1929625
1929640
1931063
1931315
1933572
1937255
1937257
1937263
1937266
1938922
1941109
1941116
1941120
1941129
1941132
1941144
1941152
1941159
1941166
1941186
1941191
1941192
1941200
1941202
1941205
1941211
1941224
1942759
1942760
1945697
1946294
1946298
1946309
1946312
1946320
1946322
1946339
1946348
1946501
1946515
1946883
1946886
1947642
1948172
1948716
1948782
1949407
1949411
1949413
1949436
1949462
1949474
1949673
1950555
1950557
1950559
1955122
1955210
1962836
1964502
1969479
1969999
1975283
1975284
1975286
1975288
1975310
1975735
1982930
1983262
1983264
1983265
1983267
1984357
1984359
1984360
1984563
1986460
1988032
1988033
1988355
1988358
1988364
1988367
1988514
1988515
1989830
1989832
1989873
1990453
1990466
1992988
1992990
1992991
1993233
1993236
1993339
1993349
1994449
1994555
1996428
1996432
1996433
1996434
1996436
1996437
1996439
1998046
1998894
1999805
2001303
2001304
2002001
2002007
2002295
2003534
2003535
2004783
2004789
2005020
2005166
2005167
2006595
2006599
2006621
2007005
2007061
2007068
2007077
2007093
2007138
2007149
2007178
2007185
2007186
2007189
2007190
2007193
2011449
2011526
2012023
2012044
2012416
2012615
2013147
2013153
2013155
2013156
2013159
2013167
2013190
2013192
2013196
2013198
2013199
2013200
2016348
2016363
2016724
2017625
2018135
2018142
2018157
2018272
2018287
2018697
2018947
2018963
2018968
2018973
2018975
2022417
2022989
2023222
2023654
2024056
2024060
2026734
2026757
2026893
2028735
2028737
2028751
2029664
2029881
2029883
2030903
2031344
2031913
2031914
2031915
2031916
2032938
2033591
2035648
2035659
2035757
2036197
2036572
2036737
2036738
2036739
2036740
2036741
2036745
2037523
2037541
2041434
2042445
2043366
2043370
2043372
2043387
2046053
2046256
2046323
2070715
2073993
2074028
2084183
2084184
2084187
2084195
2084197
2087685
2087844
2088090
2089895
2090013
2090016
2090021
2090032
2090033
2090034
2090063
2090094
2090520
2090529
2092073
2092075
2092430
2092866
2092871
2093257
2093267
2093272
2093276
2094757
2094760
2094761
2094765
2094770
2094781
2095858
2095867
2096170
2096451
2096458
2096459
2096461
2096467
2096468
2096469
2096470
2096474
2096551
2096552
2097682
2098095
2098097
2100954
2102033
2102158
2102310
2102405
2102406
2102695
2102794
2106007
2106019
2107433
2108494
2109686
2109693
2109700
2109701
2109731
2109732
2109746
2109748
2109823
2109996
2110000
2110002
2110004
2110209
2112278
2112286
2112288
2112650
2115658
2116426
2116427
2116428
2116431
2117000
2117004
2117110
2117112
2117114
2117117
2117120
2126315
2126318
2127089
2127173
2127174
2127406
2127609
2127652
2127653
2127655
2138828
2138834
2138836
2138861
2138868
2138870
2138881
2138884
2140820
2141018
2141751
2141752
2141753
2142583
2142584
2142586
2142587
2142917
2142919
2142986
2143005
2143227
2143915
2145042
2145048
2145052
2145137
2145139
2145156
2145169
2148643
2148645
2149441
2149485
2149537
2151166
2151167
2151172
2151174
2151176
2151177
2151178
2151182
2151183
2151187
2151190
2151191
2153727
2154228
2156045
2156435
2156440
2157092
2157254
2157287
2157460
2157498
2157520
2157524
2157528
2157537
2157545
2157593
2160534
2161251
2162514
2166041
2166042
2166045
2166047
2166048
2166049
2166051
2166056
2168110
2168112
2168190
2169014
2173868
2174308
2174309
2174396
2176268
2176291
2176356
2176371
2176383
2176424
2176425
2177543
2177549
2177551
2177555
2177556
2177557
2177558
2177560
2179363
2179553
2183226
2183376
2184185
2190852
2194838
2194840
2196521
2196865
2196913
2196914
2196932
2196940
2197141
2200446
2201309
2201791
2202536
2202543
2203400
2204671
2205165
2205179
2205188
2205210
2205240
2205853
2205881
2206051
2207098
2212229
2212670
2212671
2215152
2215526
2215527
2215604
2216936
2216939
2216940
2216943
2216944
2216954
2216958
2216961
2216962
2216965
2216968
2216969
2216970
2217285
2218633
2219050
2226911
2227879
2227886
2227888
2227914
2227916
2227917
2228943
2235524
2235525
2235528
2237171
2237648
2238061
2238469
2238659
2239349
2239351
2239353
2239354
2239356
2239357
2239359
2239360
2239361
2239362
2239366
2239368
2239369
2239370
2242303
2243195
2244888
2244892
2244894
2244895
2244896
2246080
2246082
2246086
2246093
2246094
2246474
2246475
2246476
2246537
2252219
2252220
2252840
2253624
2253626
2253629
2253639
2253641
2253779
2254264
2255497
2256303
2256793
2257534
2257536
2257537
2257538
2257539
2257540
2257541
2257542
2257543
2257544
2257545
2257546
2257547
2257549
2257551
2257552
2257558
2258675
2258765
2260655
2264414
2264415
2264420
2264422
2264423
2264424
2264426
2264430
2264431
2264432
2265659
2266987
2267596
2267597
2269548
2269550
2270725
2270810
2270811
2270816
2270820
2271488
2271618
2272465
2272475
2272481
2272987
2275187
2275193
2276167
2277786
2278689
2281657
2282229
2282505
2282628
2283414
2283419
2284497
2284564
2284566
2284568
2284569
2284570
2284572
2286282
2286951
2287285
2287296
2287341
2289996
2290008
2290009
2290010
2290014
2290015
2290016
2290020
2290022
2290025
2291120
2291121
2291122
2291123
2291124
2291125
2291126
2291127
2291128
2291129
2291131
2291133
2291134
2291136
2291496
2291786
2291788
2292781
2292915
2292918
2292932
2292935
2294288
2294295
2294305
2294312
2294313
2294314
2294317
2294525
2294529
2294532
2294533
2294534
2294535
2294536
2294541
2296446
2296537
2297215
2302958
2302959
2305792
2316535
2316542
2316543
2316545
2316583
2317147
2317393
2317403
2317408
2317410
2317411
2317419
2317425
2317427
2317912
2318623
2318624
2319150
2319157
2320016
2322472
2322511
2323588
2323861
2324945
2324948
2324949
2325164
2325697
2327279
2327280
2328522
2328528
2328531
2328533
2329376
2329676
2329991
2330422
2330484
2330491
2330510
2330634
2331630
2332333
2332335
2332336
2332338
2332340
2332341
2332343
2332344
2332345
2332346
2332347
2332375
2332376
2332377
2333387
2333417
2333428
2333431
2333437
2333439
2333440
2334045
2334648
2334656
2334670
2334696
2334698
2334703
2334707
2334729
2335026
2335352
2335353
2335354
2335355
2335356
2335357
2335358
2335360
2340785
2340790
2340847
2340863
2340911
2344888
2346940
2346941
2348279
2348280
2348283
2348287
2352225
2352488
2355109
2356845
2356855
2356877
2356882
2356925
2358604
2359398
2359494
2359498
2359777
2359781
2359810
2361845
2362197
2362450
2362452
2362948
2363045
2363847
2363873
2363875
2366425
2366456
2366457
2366460
2368101
2368106
2370042
2370044
2370055
2370058
2370166
2370173
2370182
2370554
2371855
2372573
2372578
2372580
2372670
2373275
2373298
2375769
2376058
2376073
2376083
2376084
2376090
2376095
2376127
2376130
2376132
2376137
2376138
2376141
2377041
2377042
2377045
2377046
2377891
2378067
2378107
2378121
2380306
2380314
2380315
2380342
2381024
2381171
2382014
2382165
2384225
2386952
2386953
2386956
2386961
2388195
2388196
2389722
2389729
2389739
2392962
2392965
2392996
2393000
2393003
2393004
2393007
2393251
2395209
2395219
2395226
2395236
2396229
2397391
2397392
2398672
2398673
2398686
2398689
2398711
2398719
2398771
2398915
2398919
2399330
2399334
2399338
2399339
2401557
2401558
2401563
2401566
2401569
2401739
2403565
2403647
2403649
2403651
2403654
2403662
2404585
2406423
2409321
2415796
2415798
2415805
2415815
2415822
2415823
2415836
2415840
2415858
2415863
2415866
2415869
2415872
2415876
2415877
2415881
2415891
2415892
2415899
2415901
2415909
2415913
2415916
2415921
2415929
2415939
2415943
2415945
2415948
2415984
2415985
2415987
2415988
2415991
2416003
2416013
2416015
2416022
2416028
2416034
2416036
2416038
2416041
2416053
2416055
2416057
2416059
2416060
2416064
2416073
2416074
2416075
2416078
2416080
2416084
2416092
2416094
2416727
2418810
2418815
2418903
2420719
2422942
2423860
2432691
2433129
2433135
2433137
2435783
2435798
2440868
2441133
2441142
2444782
2448942
2451064
2451071
2451179
2451180
2451182
2452751
2453055
2457116
2457120
2460958
2461289
2461325
2463126
2463477
2463659
2463660
2463695
2463698
2463705
2463707
2464379
2464380
2467032
2467033
2467034
2467036
2467063
2467127
2467164
2467601
2467602
2468620
2470455
2471414
2471419
2474277
2478333
2478377
2478382
2478486
2478487
2479416
2481135
2481167
2481255
2481359
2481376
2481379
2483360
2483378
2483382
2485480
2485482
2486784
2486823
2488568
2490088
2490128
2490757
2490759
2490810
2490847
2490850
2491788
2492982
2497383
2497384
2497387
2497671
2499092
2499422
2499526
2499827
2499842
2499846
2499856
2499858
2499859
2499861
2499863
2499865
2499928
2503674
2503852
2503853
2503855
2503866
2504814
2504948
2505418
2505421
2505422
2506150
2506854
2506859
2508436
2511504
2511526
2512691
2512715
2512720
2512728
2512729
2512731
2512747
2512753
2512757
2514610
2514634
2514636
2515134
2515779
2516593
2516595
2519766
2519769
2520621
2520622
2520623
2520891
2521636
2521661
2522891
2523908
2524298
2524314
2526609
2527744
2528704
2529645
2529653
2532565
2536694
2536698
2536700
2536701
2536702
2536703
2536705
2536718
2541437
2541459
2541470
2546363
2546366
2546367
2546832
2547752
2548565
2548739
2550064
2551834
2553170
2557661
2558389
2558394
2558422
2558425
2558446
2558449
2558450
2558463
2562107
2562110
2564649
2565773
2568364
2568942
2569982
2569983
2569986
2569987
2569988
2569989
2569990
2569991
2569993
2570283
2571444
2573649
2575332
2578687
2579095
2579096
2579100
2579110
2579117
2579467
2579511
2580939
2580943
2583255
2585186
2587616
2591570
2593647
2593803
2593804
2593808
2594229
2597863
2597865
2597866
2597867
2597868
2600524
2600525
2600651
2601087
2604720
2617188
2617197
2619480
2619486
2621021
2621266
2621659
2621661
2623218
2623729
2628715
2628717
2628727
2629737
2629742
2632426
2633134
2634300
2634303
2635716
2636903
2637711
2637738
2638033
2638035
2638037
2638038
2638041
2639581
2639587
2639588
2639593
2639617
2639632
2639659
2639888
2640502
2640515
2641091
2641095
2642195
2642485
2646333
2647375
2648011
2648388
2648667
2648678
2648682
2649030
2649159
2649539
2649540
2649545
2652689
2652693
2654193
2654250
2654252
2654254
2654257
2654476
2655448
2655449
2656414
2657122
2657123
2657487
2658046
2658068
2658069
2658356
2658374
2658390
2658475
2658530
2659430
2659570
2659650
2660012
2660312
2660978
2662128
2663250
2663370
2663399
2663692
2664803
2664804
2664978
2665049
2666491
2666847
2667059
2667086
2667088
2667089
2667452
2668246
2668403
2668409
2668415
2669527
2669537
2669542
2671391
2671396
2671398
2677367
2677368
2678211
2678885
2680066
2680096
2681261
2681725
2681755
2681758
2683324
2685106
2685114
2690793
2691238
2691525
2693709
2693713
2695318
2695509
2696482
2696485
2696486
2696488
2696489
2696501
2696518
2696531
2696532
2696537
2696546
2696553
2696555
2696567
2696568
2696578
2696580
2696594
2696603
2696604
2696606
2696611
2696612
2696615
2696618
2696621
2696624
2696625
2696629
2696635
2696652
2696654
2696664
2696679
2696696
2696707
2696709
2696716
2696718
2696720
2696727
2696737
2696742
2696747
2696753
2696772
2696779
2696780
2696782
2696787
2696792
2696793
2696795
2696801
2696805
2696807
2696812
2696816
2696817
2696827
2696828
2696835
2696846
2696856
2696859
2696860
2696871
2696875
2696881
2696882
2696886
2696887
2696896
2696898
2696901
2696905
2696915
2696917
2696919
2696920
2696921
2696923
2696926
2696928
2696929
2696931
2696933
2696937
2696939
2696946
2696956
2696958
2696960
2696963
2696964
2696966
2696967
2696974
2696976
2696982
2696998
2697001
2697009
2697012
2697029
2697032
2697036
2697039
2697080
2697082
2697093
2697095
2697097
2697099
2697100
2697102
2697104
2697110
2697111
2697114
2697116
2697123
2697124
2697132
2697140
2697141
2697143
2697144
2697146
2697150
2697151
2697162
2697168
2697171
2697173
2697177
2697178
2697179
2697181
2697186
2697194
2697195
2697199
2697204
2697206
2697207
2697211
2697221
2697223
2697226
2697227
2697228
2697236
2697240
2697242
2697243
2697245
2697246
2697247
2697252
2697254
2697256
2697257
2697258
2697260
2697265
2697287
2697314
2697315
2697316
2697325
2697326
2697328
2697330
2697357
2697358
2697363
2697366
2697393
2697395
2697397
2697400
2697402
2697415
2697420
2697427
2697443
2697444
2697451
2697455
2697457
2697458
2697462
2697465
2697466
2697467
2697470
2697473
2697476
2697478
2697492
2697503
2697511
2697517
2697520
2697546
2697963
2698031
2698051
2698058
2698060
2698063
2698074
2698077
2698089
2698106
2698130
2698157
2698165
2698205
2698219
2698466
2698470
2698587
2700436
2700467
2700849
2701971
2702740
2702855
2703081
2703099
2703103
2703273
2703275
2703894
2704184
2705635
2705639
2706766
2706788
2708161
2708893
2708894
2708895
2708902
2708905
2709088
2709100
2709101
2709106
2710891
2715341
2716632
2716634
2716635
2717540
2717549
2717551
2717562
2719261
2719263
2720041
2720043
2720045
2720046
2720763
2720764
2720769
2720775
2720778
2720780
2720781
2720782
2720783
2720784
2720785
2720799
2720802
2720812
2725992
2728025
2728276
2728278
2728302
2728305
2729409
2729433
2729444
2729446
2729448
2729491
2730483
2730526
2731479
2733551
2733885
2733958
2735770
2735771
2735772
2735797
2736350
2736465
2736466
2737647
2738479
2738487
2739063
2739693
2739694
2740080
2746540
2746543
2746544
2746547
2746548
2746736
2746757
2747054
2747794
2750299
2750486
2750628
2751433
2751435
2751436
2751437
2751759
2751977
2751990
2751994
2752002
2752334
2752771
2754858
2755329
2755470
2755475
2757688
2757788
2758843
2758845
2758847
2758848
2759983
2760268
2760338
2760339
2760343
2760346
2760869
2760870
2761492
2761514
2763001
2764694
2764941
2769182
2769183
2769184
2769185
2769186
2803363
2807653
2813918
2852969
2852976
2863336
2876223
2876227
2876229
2889134
2891127
2891131
2891331
2891541
2892171
2892351
2892353
2893010
2893866
2893867
2893868
2894698
2898495
2898565
2898967
2898990
2899892
2900618
2902153
2902450
2903333
2903335
2904481
2904489
2904784
2904785
2904934
2905716
2906914
2907022
2907028
2907073
2907080
2907084
2907087
2907088
2907128
2907263
2910525
2910526
2910527
2910528
2910533
2910684
2911129
2911368
2911370
2911374
2912479
2913863
2913866
2913867
2913881
2913882
2915574
2916087
2916088
2916510
2916872
2916877
2917401
2917402
2919645
2919646
2919754
2920978
2920986
2921011
2921963
2921964
2921968
2921972
2922082
2922083
2922093
2922094
2922165
2922793
2923569
2923570
2923572
2923577
2923647
2924194
2924792
2924796
2924797
2925357
2925364
2925365
2926474
2929725
2929785
2929797
2930588
2931155
2931160
2931175
2932067
2932068
2932074
2932774
2932782
2933421
2934134
2935819
2935852
2937318
2937321
2938031
2938337
2938726
2939376
2939911
2939912
2939943
2939945
2939946
2942073
2943253
2943255
2943260
2943265
2944798
2945253
2946127
2946132
2946543
2946551
2946686
2946695
2947308
2947310
2947766
2948189
2949430
2949492
2949789
2950863
2951564
2953237
2953240
2953244
2954081
2954237
2956643
2956650
2957914
2959385
2959718
2960907
2960908
2960909
2960916
2960994
2961869
2961916
2963370
2963374
2963716
2963721
2964476
2965137
2965616
2966211
2966488
2966709
2966711
2966860
2966861
2966862
2966863
2966864
2966865
2966869
2966870
2966871
2966877
2966879
2966880
2967615
2967836
2967867
2968220
2968223
2968229
2968416
2968564
2968586
2968716
2969255
2969626
2970654
2972529
2972581
2972582
2972583
2972585
2972588
2973033
2974375
2974377
2974379
2974393
2983921
2983922
2983924
2983925
2983926
2983927
2983928
2983931
2983932
2983934
2983935
2985655
2985800
2985804
2988757
2988914
2990420
2990426
2990427
2990431
2991289
2991294
2991330
2991338
2991348
2991355
2991401
2991420
2991430
2991435
2991436
2991541
2991722
2991733
2994679
2997343
2997344
2997345
2997348
2997353
2997354
2997355
3002062
3002396
3002400
3004295
3010015
3010212
3010306
3018511
3019270
3020971
3021414
3021417
3021420
3023324
3023525
3024266
3026437
3026782
3026847
3026849
3026850
3026851
3026853
3028250
3028257
3028262
3028273
3028390
3028840
3030701
3031138
3032196
3032197
3032198
3032367
3033829
3033959
3034314
3034448
3035657
3036000
3036002
3036005
3036006
3036010
3036014
3036015
3036025
3036490
3036584
3036589
3036592
3038073
3038075
3038080
3038081
3038312
3039196
3039776
3039972
3039977
3042249
3042251
3042388
3043763
3044982
3046490
3048620
3048787
3050039
3050044
3050045
3050060
3050411
3050875
3050878
3051942
3051948
3051955
3051956
3051962
3054506
3054507
3057195
3057196
3058737
3058740
3058741
3060090
3060421
3062868
3063029
3063037
3063113
3063129
3063173
3063534
3063575
3063579
3063694
3063700
3063822
3064486
3064487
3064518
3064591
3064592
3066441
3066444
3069563
3072087
3072329
3072330
3072331
3072333
3072335
3072391
3072967
3074063
3074066
3075645
3077038
3077040
3077041
3077042
3077043
3077259
3077346
3077348
3078676
3078678
3087220
3087364
3088436
3088437
3088458
3088480
3088483
3088491
3088493
3088497
3088507
3088642
3091551
3091555
3091556
3092404
3094964
3095614
3097273
3097278
3097363
3097366
3097367
3097370
3097372
3097373
3102554
3102605
3102624
310271
3102728
3102730
3102880
3102881
3102884
3104441
3104449
3104453
3105944
3106966
3106969
3106971
3106972
3106974
3107769
3107957
3107995
3108759
3108815
3108817
3108938
3111973
3111974
3113636
3116607
3117888
3117892
3117897
3117900
3117909
3117912
3117916
3118408
3119578
3119846
3119848
3119852
3119853
3119906
3121854
3121855
3121856
3121857
3121858
3121859
3121861
3121862
3121863
3121865
3121950
3121953
3123079
3124119
3124121
3124125
3124126
3124128
3124165
3124424
3125175
3126550
3127120
3127267
3127380
3127381
3127382
3127383
3127385
3127386
3127389
3127390
3127955
3128146
3129230
3129237
3129240
3132856
3133470
3134113
3134268
3134273
3134281
3136254
3136277
3137354
3137356
3137357
3137367
3137728
3137730
3137743
3143307
3143347
3143348
3146620
3146760
3146768
3146772
3147242
3147244
3148280
3148285
3148770
3150733
3150735
3150740
3150741
3150743
3150769
3150770
3150784
3151371
3151374
3151376
3153530
3154385
3154390
3154394
3158369
3158371
3158377
3158381
3160516
3162363
3162364
3162375
3163690
3164521
3166259
3166261
3166262
3166263
3166264
3166265
3166270
3166274
3166278
3166279
3166280
3166620
3166623
3166624
3167153
3169767
3170010
3170019
3170020
3170637
3171173
3173203
3173845
3175449
3175452
3175457
3175803
3175811
3176602
3176920
3177153
3178187
3178188
3178190
3178193
3178194
3178195
3178555
3178637
3178640
3178643
3180601
3180605
3181074
3181437
3181894
3183138
3183194
3183197
3184944
3185190
3186303
3186310
3186908
3186909
3187524
3187636
3189165
3190527
3190529
3190532
3190534
3191417
3192462
3193622
3194009
3194432
3194442
3194481
3195698
3197462
3197466
3197469
3197470
3197635
3197830
3198728
3198977
3198979
3198980
3200141
3200142
3200481
3202564
3202566
3206126
3206146
3206149
3216722
3216727
3216731
3218128
3218129
3218130
3218132
3218133
3218300
3218928
3218931
3219067
3219109
3219119
3219130
3219136
3219143
3223180
3223215
3223229
3223230
3223231
3224657
3228046
3241745
3241753
3241754
3241760
3241762
3241828
3241829
3241830
3241879
3241880
3241881
3241882
3241883
3241885
3259290
3259291
3259292
3259295
3265521
3265522
3267470
3268621
3268853
3269141
3269235
3269259
3271794
3271990
3274349
3274352
3274756
3274816
3275458
3278707
3278793
3278794
3278796
3278798
3278801
3278805
3278806
3279792
3282155
3282526
3282527
3282530
3282531
3282537
3283569
3286321
3286770
3286797
3286798
3286799
3287085
3288261
3288441
3288442
3288443
3288444
3288445
3288446
3289177
3290016
3290018
3290021
3290022
3290023
3290689
3290771
3291263
3292672
3292952
3295632
3297126
3298467
3298510
3298513
3298514
3298517
3298518
3299983
3299989
3299993
3299994
3299995
3299996
3299998
3299999
3300000
3300001
3300003
3300391
3300803
3301753
3301754
3301758
3301759
3301760
3301763
3301837
3301841
3301845
3302014
3303420
3303440
3303451
3304235
3304243
3304250
3304252
3305596
3307115
3307530
3307554
3307563
3309366
3310456
3310491
3310492
3312730
3312733
3312736
3312737
3312738
3312740
3312741
3312743
3312748
3312750
3312752
3312756
3312762
3312763
3312764
3313481
3313537
3314706
3314707
3315143
3318994
3318999
3319078
3320896
3320897
3320899
3320901
3320907
3320908
3321891
3321927
3322371
3322372
3322876
3322877
3322879
3322881
3322883
3322884
3322887
3322890
3322891
3322892
3323403
3323412
3323449
3323460
3323470
3323731
3323827
3324966
3324968
3324969
3324970
3324971
3324972
3324973
3324975
3325832
3326341
3331827
3331828
3331829
3331831
3331833
3331834
3331845
3331892
3333723
3333727
3333728
3333731
3333734
3338805
3341114
3341351
3341682
3341685
3341686
3341691
3341693
3341695
3343583
3343584
3344384
3344510
3346209
3347002
3347553
3347603
3348420
3348425
3348432
3348433
3348434
3348435
3348437
3355893
3358215
3358216
3358219
3358220
3358223
3360254
3360697
3360698
3360702
3363388
3363397
3366043
3366045
3366047
3366493
3367642
3367644
3367645
3367646
3367647
3367648
3367649
3370825
3373688
3375772
3377012
3377013
3377021
3377023
3380196
3380198
3380199
3384138
3385797
3387646
3387650
3387651
3387805
3387808
3387827
3391383
3391384
3391386
3391387
3391391
3391394
3393648
3394222
3394223
3394234
3397338
3397344
3402080
3402545
3406024
3406765
3406766
3406767
3406768
3406773
3406775
3406776
3406777
3406779
3406781
3408847
3409451
3414006
3414015
408430
564162
676913
761298
809489
809494
818197
835917
860355
964528
964536
984095
984265
999663
