1021361
1022718
1052148
1058618
1058885
1059967
1070077
1076799
1076832
1077434
1077481
1078798
1081010
1083035
1084135
1096171
1097896
1107093
1131238
1132473
1157898
1172356
1174752
1179996
1193534
1199871
1203147
1204362
1214353
1217271
1218909
1218934
1222280
1223146
1226293
1228411
1237001
1239203
1239514
1241553
1241662
1246424
1246627
1246628
1246629
1246630
1249724
1249727
1249729
1250715
1251542
1255315
1258950
1258951
1281040
1281066
1281884
1287332
1289674
1289693
1295885
1331640
1334080
1334086
1334117
1337981
1338546
1344305
1350131
1350228
1351846
1352311
1353197
1353578
1354427
1354462
1358167
1358168
1362709
1362715
1364481
1385590
1393582
1393599
1402887
1403936
1413629
1413630
1413631
1413632
1420845
1423096
1424217
1426558
1429629
1429631
1431848
1431862
1432969
1433603
1436249
1438289
1438303
1438323
1438326
1438350
1438374
1438416
1442256
1447283
1447317
1447318
1449119
1449126
1454610
1455961
1457240
1458966
1458970
1458998
1461709
1461719
1462593
1463692
1465152
1468145
1468408
1469078
1472339
1477414
1477511
1478480
1481430
1483889
1484011
1484691
1484789
1484796
1485608
1485716
1488972
1491554
1494387
1497096
1497099
1497350
1497425
1497428
1501160
1501163
1501193
1504917
1504920
1504921
1504932
1504973
1506161
1507740
1513082
1513087
1517719
1517805
1518993
1519705
1521487
1521538
1527408
1527823
1533984
1533985
1533986
1536098
1536114
1537503
1538423
1538425
1538426
1540751
1542854
1547685
1550047
1550084
1550095
1554669
1558561
1558572
1558573
1559773
1559785
1559791
1559798
1566035
1566048
1568568
1570154
1571794
1571903
1572182
1576197
1576894
1576904
1584985
1585023
1586058
1587098
1587396
1591944
1591958
1593775
1595326
1595345
1595400
1595405
1595754
1595775
1595978
1598297
1598327
1606880
1607949
1607958
1609427
1609440
1609445
1609451
1609453
1612009
1612301
1612569
1612608
1613689
1614226
1615788
1619056
1619057
1619096
1619097
1623383
1623384
1623955
1624165
1624166
1624222
1625441
1625456
1627503
1628404
1628449
1629102
1629183
1630300
1630316
1631292
1632927
1635759
1635859
1635864
1636275
1636976
1636981
1638165
1638537
1639780
1639799
1639817
1639831
1640418
1640446
1647460
1647465
1647469
1647477
1647478
1647489
1647491
1647501
1647506
1649142
1649171
1649173
1649700
1649788
1650026
1650658
1652492
1652494
1658991
1658999
1659007
1659014
1659016
1659017
1662542
1664770
1667051
1667763
1669697
1670212
1670214
1670220
1670233
1671270
1679671
1680151
1680153
1682203
1682206
1682505
1682780
1683167
1684119
1684134
1684593
1684602
1684616
1684619
1684630
1685523
1685573
1685576
1685577
1686850
1691617
1691647
1691653
1691671
1691676
1692262
1692269
1692474
1692475
1692480
1692484
1696022
1696240
1696450
1696646
1696828
1696829
1696841
1697181
1699218
1699362
1699363
1699377
1699379
1699380
1699385
1701338
1703432
1703491
1703492
1703493
1704037
1704039
1704040
1706815
1706820
1708695
1708701
1708702
1708703
1708704
1710663
1710664
1710667
1710670
1710674
1710783
1710784
1710792
1711346
1711376
1712526
1712528
1712529
1712734
1712832
1712989
1712991
1712993
1712994
1712995
1712998
1712999
1713744
1715890
1715893
1715896
1715899
1715901
1715902
1715954
1717532
1718130
1718943
1720109
1722386
1722389
1722391
1723015
1723017
1723060
1723836
1724726
1726727
1726732
1727419
1727422
1727427
1727431
1727460
1727695
1728025
1728040
1728069
1728141
1731724
1732720
1735758
1735919
1737796
1737799
1738146
1738147
1738288
1738291
1738294
1738306
1738361
1739043
1739044
1741756
1741757
1741758
1741780
1741785
1742527
1743338
1743713
1743728
1743745
1743747
1743748
1743751
1743752
1746460
1746461
1746462
1746464
1775012
1775013
1775072
1775073
1776152
1779578
1779592
1779607
1780808
1780809
1780822
1780823
1780829
1782026
1782033
1789415
1789419
1789443
1789450
1789454
1789486
1789966
1790017
1791410
1791415
1791421
1791422
1791427
1793254
1793255
1793256
1793322
1793990
1794009
1794026
1794048
1794058
1794511
1794978
1795206
1795207
1795242
1796068
1796076
1796084
1796089
1796127
1796133
1796141
1796152
1797445
1797448
1798017
1799185
1799209
1800731
1800733
1800734
1800857
1800862
1800877
1800958
1800959
1801011
1801029
1801030
1803006
1804688
1805096
1805176
1805212
1805894
1806026
1806027
1806029
1806040
1806041
1806792
1807416
1809835
1809836
1809989
1813158
1813159
1814992
1814996
1815003
1815021
1815032
1815061
1815752
1817502
1817504
1817512
1817713
1817714
1817725
1818006
1818252
1818253
1818350
1818384
1818648
1819073
1819456
1819489
1819490
1819683
1819905
1821906
1822272
1822276
1823006
1823539
1824241
1825332
1825497
1825499
1825838
1827111
1829082
1830976
1830985
1831270
1831618
1832182
1832189
1832368
1832372
1832375
1833403
1833501
1833668
1833774
1834212
1834365
1836204
1836343
1836347
1836349
1836352
1837079
1837139
1837153
1837156
1837381
1837749
1838233
1839143
1840534
1840539
1840541
1841130
1841133
1841144
1841173
1841858
1842087
1842093
1843142
1844282
1844283
1844285
1844949
1846943
1846961
1846963
1846964
1846966
1848245
1848281
1848282
1848283
1848284
1848286
1848377
1848397
1848935
1849204
1849499
1849504
1849506
1849507
1850711
1850712
1851356
1851357
1854235
1854370
1854779
1855539
1855540
1855541
1855542
1856796
1856819
1856826
1856840
1856849
1856875
1856898
1856901
1857002
1857154
1857155
1857363
1857457
1857551
1857555
1857853
1858176
1860830
1860836
1860838
1860843
1862334
1862340
1862356
1862360
1862376
1863552
1863933
1863934
1867643
1867646
1867647
1868106
1868797
1868798
1868815
1869080
1869081
1869082
1869092
1874562
1876014
1876774
1876779
1876798
1876803
1878463
1878464
1878465
1878466
1878468
1878704
1879512
1880316
1880388
1880490
1880492
1880494
1881476
1881490
1881497
1882270
1882480
1882782
1882807
1882847
1882861
1882962
1883033
1883639
1883882
1883885
1883902
1884462
1885605
1886873
1891782
1891802
1893003
1893006
1893008
1893034
1893035
1893477
1893553
1893564
1893577
1893595
1893597
1893606
1893616
1893621
1893624
1893625
1893646
1893664
1893680
1893746
1893761
1896409
1897024
1897071
1899146
1899156
1902407
1902672
1902950
1902962
1903256
1903258
1904973
1905052
1905365
1905377
1905381
1905384
1905386
1905387
1905793
1905873
1905882
1905960
1905979
1906041
1906076
1906090
1906102
1906726
1906727
1906728
1906730
1906733
1906735
1908099
1908101
1908148
1909003
1909649
1909662
1909663
1910490
1910804
1910844
1910894
1910902
1912401
1912403
1912522
1913013
1913015
1913016
1913023
1913027
1913275
1914472
1914577
1914586
1914587
1914915
1914919
1914925
1914942
1914943
1914978
1915908
1916449
1916450
1916480
1916485
1918599
1918732
1918734
1918736
1918770
1920380
1920668
1920672
1920677
1920680
1920733
1921192
1921200
1921216
1921237
1921308
1922561
1922562
1923886
1924102
1924114
1924115
1924119
1924125
1924130
1924131
1924223
1924925
1925307
1925334
1925719
1926049
1926051
1926790
1926927
1926956
1926969
1926976
1926977
1926978
1926986
1926992
1927011
1927017
1927019
1927025
1927026
1927027
1927052
1927053
1927057
1929623
1929625
1929640
1929643
1931063
1931315
1932326
1932327
1933572
1933830
1933831
1935819
1935820
1937255
1937257
1937263
1937266
1938113
1938115
1938116
1938922
1939305
1939306
1939324
1939325
1939326
1939327
1939328
1939333
1939334
1939335
1939336
1939337
1939339
1939351
1939353
1939358
1939359
1939364
1939368
1939370
1939372
1939403
1939404
1939764
1939786
1940569
1940658
1941109
1941116
1941120
1941129
1941132
1941144
1941152
1941159
1941166
1941186
1941191
1941192
1941200
1941202
1941205
1941211
1941224
1942759
1942760
1944220
1945697
1946294
1946298
1946309
1946312
1946320
1946322
1946339
1946348
1946501
1946515
1946883
1946885
1946886
1946888
1946891
1947642
1947653
1947654
1947655
1947795
1948172
1948716
1948732
1948782
1949406
1949407
1949411
1949413
1949436
1949462
1949474
1949478
1949507
1949540
1949655
1949673
1950555
1950557
1950559
1955122
1955210
1962836
1964502
1969224
1969244
1969479
1969999
1975283
1975284
1975286
1975288
1975310
1975735
1975740
1980385
1980386
1980387
1980389
1982930
1983262
1983264
1983265
1983267
1983436
1984357
1984359
1984360
1984563
1985384
1986460
1986576
1986591
1986600
1986604
1988032
1988033
1988355
1988358
1988364
1988367
1988514
1988515
1989830
1989832
1989873
1990453
1990466
1990468
1990807
1990810
1992985
1992988
1992990
1992991
1993233
1993236
1993339
1993349
1993837
1993859
1994449
1994555
1996428
1996432
1996433
1996434
1996436
1996437
1996439
1998046
1998894
1999805
2000129
2000140
2000611
2000977
2001303
2001304
2002001
2002007
2002295
2003293
2003470
2003473
2003534
2003535
2004224
2004240
2004247
2004248
2004271
2004272
2004783
2004789
2004829
2004985
2005020
2005030
2005166
2005167
2005314
2006485
2006497
2006498
2006502
2006595
2006599
2006621
2007005
2007061
2007068
2007077
2007093
2007138
2007149
2007178
2007182
2007185
2007186
2007189
2007190
2007193
2011449
2011526
2012023
2012024
2012034
2012044
2012050
2012081
2012210
2012211
2012245
2012257
2012280
2012283
2012289
2012294
2012297
2012415
2012416
2012615
2013190
2013192
2013196
2013198
2013199
2013200
2014921
2015065
2015228
2016348
2016363
2016724
2018101
2018109
2018114
2018171
2018175
2018963
2018968
2018973
2018975
2019004
2022417
2022989
2023222
2023629
2023654
2024056
2024060
2024426
2026734
2026757
2026893
2028735
2028737
2028751
2029664
2029881
2029883
2030495
2030509
2030796
2030903
2031344
2031694
2031913
2031914
2031915
2031916
2032126
2032129
2032938
2033591
2034417
2034424
2034425
2034463
2034464
2034465
2034487
2035648
2035659
2035757
2036197
2036572
2036625
2036737
2036738
2036739
2036740
2036741
2036745
2036770
2036771
2036775
2037259
2037523
2037541
2039974
2039978
2040087
2040177
2040319
2040344
2041431
2041432
2041434
2042445
2043232
2043366
2043370
2043372
2043387
2044546
2046053
2046256
2046323
2046335
2046343
2046344
2046348
2047345
2070715
2073993
2074028
2083668
2084183
2084184
2084187
2084195
2084197
2084386
2085257
2085294
2085307
2087547
2087685
2087844
2088090
2089895
2090013
2090016
2090021
2090032
2090033
2090034
2090063
2090094
2090137
2090138
2090520
2090521
2090529
2091324
2091335
2091340
2091593
2091594
2091596
2091610
2091635
2091636
2092073
2092075
2092430
2092866
2092871
2092894
2092895
2092897
2093257
2093267
2093272
2093276
2093581
2093584
2093585
2093588
2094757
2094760
2094761
2094765
2094770
2094781
2095858
2095867
2096170
2096451
2096458
2096459
2096461
2096467
2096468
2096469
2096470
2096474
2096551
2096552
2097349
2097351
2097682
2098071
2098073
2098074
2098095
2098096
2098097
2098098
2098741
2098765
2098776
2099614
2099634
2100954
2101952
2102033
2102158
2102310
2102406
2102695
2102737
2102747
2102794
2103214
2103350
2103685
2103686
2105094
2105732
2105738
2105741
2105749
2105845
2105851
2105863
2105866
2106007
2106019
2107393
2107401
2107433
2108494
2109686
2109693
2109700
2109701
2109731
2109732
2109746
2109748
2109823
2109996
2110000
2110002
2110004
2110209
2110210
2110230
2110235
2110238
2110239
2110947
2110971
2111082
2111098
2111115
2111424
2112596
2112650
2112677
2112742
2112744
2115658
2116426
2116427
2116428
2116431
2116712
2117000
2117004
2117110
2117112
2117114
2117117
2117120
2117266
2117310
2117962
2126315
2126318
2127089
2127173
2127174
2127406
2127609
2127652
2127653
2127655
2134002
2134004
2134005
2134014
2134018
2134021
2134034
2135207
2137179
2138071
2138074
2138077
2138078
2138080
2138081
2138083
2138090
2138517
2138518
2138519
2138828
2138834
2138836
2138861
2138868
2138870
2138881
2138884
2140820
2140821
2140822
2141018
2141751
2141752
2141753
2142583
2142584
2142586
2142587
2143005
2143227
2143723
2143728
2143730
2143737
2143741
2143915
2145042
2145048
2145052
2145137
2145139
2145140
2145152
2145156
2145169
2145223
2145720
2145721
2148643
2148645
2149024
2149485
2149505
2149506
2149509
2149515
2149519
2149537
2149775
2149940
2151166
2151167
2151172
2151174
2151176
2151177
2151178
2151182
2151183
2151187
2151190
2151191
2153727
2154228
2156171
2156434
2156435
2156438
2156439
2156440
2156784
2156811
2156812
2157033
2157092
2157100
2157254
2157259
2157262
2157281
2157284
2157287
2157306
2157307
2157460
2157498
2157520
2157524
2157528
2157537
2157545
2157593
2157761
2160534
2161251
2162514
2162744
2162749
2162752
2162754
2162759
2162760
2166041
2166042
2166045
2166047
2166048
2166049
2166051
2166056
2168110
2168112
2168190
2169014
2172605
2173868
2174079
2174081
2174308
2174309
2174310
2174395
2174396
2174728
2175087
2176268
2176291
2176356
2176371
2176383
2176424
2176425
2177543
2177549
2177551
2177555
2177556
2177557
2177558
2177560
2178867
2179363
2179553
2181253
2181255
2181261
2183226
2183374
2183376
2183684
2183847
2183958
2183975
2184181
2184183
2184185
2190852
2194453
2194838
2194840
2196521
2196864
2196865
2196913
2196914
2196932
2196940
2197141
2198511
2200446
2201309
2201456
2201791
2202536
2202543
2203400
2204671
2205165
2205179
2205188
2205210
2205240
2205853
2205881
2206051
2206974
2206980
2206981
2207098
2212229
2212670
2212671
2215152
2215526
2215527
2215604
2216936
2216939
2216940
2216943
2216944
2216954
2216958
2216961
2216962
2216965
2216968
2216969
2216970
2217263
2217264
2217265
2217267
2217285
2218633
2219050
2222575
2224733
2224734
2224736
2224741
2224743
2226911
2227879
2227886
2227888
2227914
2227916
2227917
2228046
2228047
2228934
2228935
2228936
2228939
2228940
2228941
2228942
2228943
2229027
2229039
2232421
2232426
2232427
2232429
2232432
2232988
2232990
2232991
2232994
2232996
2232998
2233485
2233692
2235524
2235525
2235528
2237171
2237643
2237648
2238061
2238469
2238659
2239349
2239351
2239353
2239354
2239356
2239357
2239359
2239360
2239361
2239362
2239366
2239368
2239369
2239370
2241355
2241356
2241358
2241370
2241372
2241377
2242303
2242338
2242342
2242378
2242381
2242382
2242522
2242524
2242525
2242527
2242534
2242535
2242541
2242543
2242550
2243195
2244888
2244892
2244894
2244895
2244896
2246080
2246082
2246086
2246093
2246094
2246409
2246410
2246474
2246475
2246476
2246537
2248573
2250082
2250083
2250094
2250100
2251021
2252219
2252220
2252840
2253624
2253626
2253629
2253639
2253641
2253779
2253908
2253910
2254264
2254635
2255497
2255655
2255656
2256303
2256793
2257534
2257536
2257537
2257538
2257539
2257540
2257541
2257542
2257543
2257544
2257545
2257546
2257547
2257549
2257551
2257552
2257558
2258503
2258506
2258507
2258675
2258765
2260009
2260655
2264414
2264415
2264420
2264422
2264423
2264424
2264426
2264430
2264431
2264432
2264897
2264901
2264902
2264955
2265603
2265611
2265659
2266283
2266289
2266296
2266314
2266545
2266573
2266588
2266987
2267596
2267597
2269548
2269550
2270507
2270711
2270725
2270810
2270811
2270816
2270820
2271488
2271618
2271657
2272987
2273882
2273900
2273907
2273933
2273937
2273951
2273953
2273956
2273957
2273960
2273962
2273967
2273971
2273974
2273976
2273979
2273981
2273984
2273986
2273988
2273992
2273993
2273994
2273995
2273997
2274000
2274014
2274015
2274016
2275187
2275193
2275583
2275587
2275589
2275591
2275592
2275593
2275595
2276167
2277786
2278689
2281657
2282229
2282451
2282505
2282526
2282535
2282538
2282541
2282542
2282544
2282628
2283378
2283414
2283419
2284497
2284564
2284566
2284568
2284569
2284570
2284572
2285330
2285821
2285822
2286282
2286951
2287285
2287296
2287341
2289996
2290008
2290009
2290010
2290014
2290015
2290016
2290020
2290022
2290025
2291120
2291121
2291122
2291123
2291124
2291125
2291126
2291127
2291128
2291129
2291131
2291133
2291134
2291136
2291496
2291786
2291788
2291853
2291860
2291865
2292781
2292915
2292918
2292927
2292932
2292935
2293629
2293630
2294288
2294290
2294295
2294297
2294299
2294301
2294303
2294304
2294305
2294306
2294308
2294309
2294312
2294313
2294314
2294316
2294317
2294318
2294525
2294529
2294532
2294533
2294534
2294535
2294536
2294541
2294890
2295636
2296446
2296537
2296546
2296567
2296568
2296574
2297215
2297887
2302958
2302959
2305792
2316535
2316542
2316543
2316545
2316583
2316948
2316950
2316957
2317147
2317393
2317395
2317397
2317403
2317408
2317410
2317411
2317419
2317425
2317427
2317912
2318359
2318623
2318624
2319150
2319157
2320016
2320054
2322472
2322511
2322594
2323588
2323861
2324106
2324244
2324945
2324948
2324949
2325164
2325697
2327279
2327280
2328522
2328528
2328531
2328533
2329376
2329656
2329676
2329686
2329687
2329694
2329695
2329703
2329991
2330422
2330424
2330429
2330449
2330456
2330484
2330486
2330488
2330491
2330506
2330510
2330525
2330535
2330561
2330576
2330580
2330583
2330587
2330615
2330619
2330634
2331485
2331487
2331630
2332333
2332335
2332336
2332338
2332340
2332341
2332343
2332344
2332345
2332346
2332347
2332375
2332376
2332377
2333417
2333418
2333425
2333427
2333428
2333429
2333431
2333437
2333438
2333439
2333440
2334045
2334648
2334656
2334670
2334696
2334698
2334703
2334707
2334729
2335026
2335352
2335353
2335354
2335355
2335356
2335357
2335358
2335360
2340785
2340790
2340847
2340863
2340905
2340911
2341110
2341506
2341508
2341510
2341843
2344038
2344049
2344065
2344543
2344571
2344683
2344887
2344888
2346121
2346940
2346941
2348279
2348280
2348283
2348287
2349565
2352225
2352488
2355109
2355456
2355457
2355915
2358604
2359384
2359386
2359388
2359391
2359395
2359398
2359494
2359498
2359769
2359777
2359781
2359810
2361845
2362026
2362040
2362197
2362450
2362452
2362948
2363044
2363045
2363046
2363048
2363413
2363415
2363417
2363423
2363460
2363467
2363468
2363469
2363472
2363847
2363873
2363875
2366048
2366049
2366051
2366425
2366456
2366457
2366460
2368016
2368101
2368106
2369086
2370042
2370044
2370055
2370058
2370065
2370166
2370173
2370182
2370554
2371855
2372573
2372578
2372580
2372670
2373275
2373298
2374250
2374252
2375769
2376038
2376042
2376052
2376055
2376057
2376058
2376073
2376083
2376084
2376089
2376090
2376095
2376097
2376127
2376130
2376132
2376137
2376138
2376141
2377008
2377041
2377042
2377045
2377046
2377891
2378067
2378107
2378121
2378275
2378564
2378592
2378873
2378879
2378880
2378886
2378888
2378893
2378894
2378896
2378903
2378918
2378919
2378920
2379146
2380306
2380314
2380315
2380342
2381024
2381171
2382014
2382165
2383834
2383835
2383836
2383837
2384225
2384614
2384617
2384622
2384624
2384625
2385615
2386714
2386952
2386953
2386956
2386961
2388194
2388195
2388196
2388202
2388485
2388487
2388732
2388739
2389064
2389721
2389722
2389729
2389739
2389741
2389744
2389746
2390312
2392962
2392965
2392996
2393000
2393003
2393004
2393007
2393251
2393599
2393600
2394609
2395209
2395210
2395219
2395225
2395226
2395236
2396229
2397391
2397392
2398441
2398445
2398451
2398672
2398673
2398686
2398689
2398711
2398719
2398771
2398915
2398919
2399305
2399330
2399334
2399338
2399339
2399341
2399646
2401173
2401466
2401557
2401558
2401563
2401566
2401569
2401571
2401739
2402022
2403565
2403647
2403649
2403651
2403654
2403662
2404401
2404585
2404807
2406423
2409239
2409321
2409352
2409365
2409366
2409372
2409399
2409401
2409415
2409419
2409425
2409430
2409453
2409477
2409499
2409592
2409600
2413309
2413310
2413311
2415796
2415798
2415805
2415815
2415822
2415823
2415836
2415840
2415858
2415863
2415866
2415869
2415872
2415876
2415877
2415881
2415891
2415892
2415899
2415901
2415909
2415913
2415916
2415921
2415929
2415939
2415943
2415945
2415948
2415984
2415985
2415987
2415988
2415991
2416003
2416013
2416015
2416022
2416028
2416034
2416036
2416038
2416041
2416053
2416055
2416057
2416059
2416060
2416064
2416073
2416074
2416075
2416078
2416080
2416084
2416092
2416094
2416727
2418810
2418815
2418903
2419307
2420719
2422942
2423836
2423859
2423860
2423883
2423885
2423893
2428828
2432691
2433129
2433135
2433137
2435783
2435790
2435796
2435798
2435803
2435813
2435815
2437067
2437566
2440231
2440232
2440243
2440244
2440868
2441133
2441142
2444782
2444785
2445030
2445374
2446096
2446101
2446102
2446108
2446111
2446119
2446120
2448148
2448149
2448942
2449269
2451064
2451071
2451179
2451180
2451182
2452751
2453055
2453394
2457116
2457120
2459322
2460958
2461289
2461325
2463126
2463477
2463659
2463660
2463695
2463698
2463705
2463707
2464006
2464379
2464380
2464899
2464917
2464919
2464932
2464948
2464949
2464950
2464951
2464959
2467032
2467033
2467034
2467036
2467063
2467127
2467147
2467164
2467533
2467537
2467601
2467602
2468590
2468620
2469553
2469910
2470455
2471414
2471419
2474277
2477950
2477955
2478027
2478034
2478084
2478333
2478377
2478382
2478486
2478487
2479416
2481359
2481376
2481379
2481556
2483360
2483366
2483372
2483378
2483382
2484498
2485480
2485482
2486784
2486823
2487102
2488568
2488569
2490088
2490128
2490810
2490847
2490850
2491297
2491300
2491302
2491305
2491788
2492180
2492982
2493127
2493130
2493908
2494121
2494122
2494128
2494132
2497383
2497384
2497387
2497669
2497671
2497954
2499092
2499096
2499097
2499109
2499422
2499526
2499827
2499842
2499846
2499856
2499858
2499859
2499861
2499863
2499865
2499928
2500149
2503674
2503852
2503853
2503855
2503866
2504814
2504859
2505418
2505421
2505422
2506150
2506676
2506695
2506854
2506859
2506861
2506862
2506863
2506864
2506865
2507887
2508436
2509098
2509429
2509487
2509531
2509538
2509544
2509555
2509558
2510364
2511504
2511506
2511526
2511541
2511969
2512582
2512583
2512603
2512691
2512715
2512720
2512728
2512729
2512731
2512747
2512753
2512757
2514610
2514634
2514636
2515134
2515726
2515779
2516593
2516595
2518556
2518557
2519766
2519769
2520621
2520622
2520623
2520891
2520921
2520930
2520934
2521522
2521633
2521636
2521661
2522891
2523908
2524182
2524298
2524311
2524314
2526609
2527577
2527584
2527744
2528068
2528075
2528080
2528091
2528102
2528641
2528642
2528644
2528645
2528646
2528704
2529645
2529653
2532565
2538296
2538307
2541428
2541437
2541443
2541451
2541453
2541459
2541467
2541470
2541475
2541484
2541854
2541868
2546363
2546366
2546367
2546832
2547752
2547798
2547801
2547804
2548565
2548739
2550059
2550060
2550062
2550063
2550064
2551834
2553083
2553170
2553775
2553785
2553786
2556864
2557661
2558389
2558394
2558422
2558425
2558446
2558449
2558450
2558463
2562107
2562110
2564649
2564653
2564781
2564825
2565773
2568317
2568330
2568364
2568942
2569648
2569655
2569670
2569672
2569673
2569691
2569965
2569982
2569983
2569986
2569987
2569988
2569989
2569990
2569991
2569993
2570283
2571444
2573649
2575332
2578155
2578663
2578687
2578690
2579090
2579093
2579095
2579096
2579100
2579110
2579117
2579121
2579138
2579149
2579467
2579511
2580939
2580943
2582831
2582842
2583255
2585186
2587616
2589258
2591570
2593647
2593682
2593803
2593804
2593808
2594229
2597863
2597865
2597866
2597867
2597868
2600524
2600525
2600651
2601027
2601087
2604720
2604781
2617188
2617197
2619480
2619486
2621021
2621155
2621265
2621266
2621285
2621584
2621659
2621661
2623039
2623218
2623227
2623726
2623729
2624435
2627796
2628481
2628482
2628715
2628717
2628727
2629481
2629486
2629495
2629501
2629502
2629503
2629686
2629737
2629742
2632426
2632787
2632788
2632789
2633134
2634300
2634303
2635303
2635304
2635305
2635307
2635308
2635716
2635718
2636903
2637248
2637711
2637738
2638033
2638035
2638037
2638038
2638041
2639581
2639582
2639587
2639588
2639593
2639617
2639632
2639659
2639888
2640502
2640515
2641081
2641091
2641095
2642195
2642485
2646333
2646617
2646619
2646621
2646622
2647375
2648011
2648141
2648150
2648156
2648159
2648388
2648667
2648678
2648682
2648685
2649030
2649159
2649539
2649540
2649544
2649545
2652689
2652693
2653484
2653492
2654193
2654249
2654250
2654252
2654254
2654257
2654258
2654476
2654505
2654608
2654618
2654621
2655448
2655449
2656414
2657122
2657123
2657487
2658046
2658068
2658069
2658082
2658083
2658085
2658086
2658088
2658103
2658356
2658372
2658374
2658376
2658390
2658475
2658530
2658546
2658553
2658554
2659430
2659511
2659570
2659650
2660012
2660312
2660978
2662071
2662128
2662288
2662290
2662296
2663250
2663370
2663399
2663692
2664477
2664478
2664803
2664804
2664978
2665049
2666491
2666847
2667059
2667086
2667088
2667089
2667448
2667451
2667452
2667453
2668246
2668399
2668403
2668409
2668410
2668415
2668438
2668824
2669527
2669537
2669542
2671391
2671396
2671398
2677367
2677368
2678211
2678375
2678885
2680066
2680096
2681261
2681725
2681755
2681758
2683112
2683113
2683324
2683954
2683965
2683969
2684546
2684547
2685030
2685106
2685114
2690549
2690793
2691238
2691525
2691995
2691996
2692004
2692005
2692017
2693709
2693713
2693935
2693949
2695318
2695509
2697848
2697849
2697928
2697963
2698031
2698051
2698058
2698060
2698063
2698074
2698077
2698089
2698106
2698130
2698157
2698165
2698205
2698219
2698466
2698470
2698587
2700436
2700446
2700467
2700849
2701971
2703110
2703121
2703123
2703894
2704184
2705635
2705639
2706766
2706788
2707909
2707910
2707911
2708161
2708893
2708894
2708895
2708902
2708905
2709088
2709100
2709101
2709106
2709202
2709223
2709232
2709234
2709235
2710891
2715341
2716632
2716634
2716635
2717540
2717549
2717551
2717562
2717970
2717971
2719261
2719263
2720041
2720043
2720045
2720046
2725992
2727493
2727497
2728276
2728278
2728302
2728305
2729409
2729433
2729444
2729446
2729448
2729491
2730483
2730489
2730515
2730526
2730530
2731098
2731479
2733551
2733811
2733885
2733958
2735191
2735770
2735771
2735772
2735797
2736350
2736465
2736466
2737647
2738479
2738487
2739053
2739063
2739065
2739068
2739526
2739636
2739639
2739640
2739643
2739648
2739649
2739673
2739675
2739677
2739693
2739694
2740080
2742092
2746540
2746543
2746544
2746547
2746548
2746564
2746736
2746757
2747054
2747059
2747063
2747066
2747086
2747794
2749179
2750299
2750628
2751433
2751435
2751436
2751437
2751479
2751485
2751512
2751534
2751759
2751977
2751979
2751984
2751985
2751990
2751994
2752002
2752047
2752085
2752237
2752334
2752771
2752878
2754858
2755329
2755470
2755475
2755854
2755855
2755860
2756419
2756431
2756438
2757788
2758035
2759983
2760249
2760268
2760338
2760339
2760343
2760346
2760681
2760682
2760707
2760869
2760870
2761447
2761449
2761492
2761514
2763001
2764694
2769130
2769147
2769148
2769152
2769160
2769167
2769182
2769183
2769184
2769185
2769186
2800434
2800439
2800440
2800531
2802614
2803363
2807653
2852969
2852976
2863336
2876223
2876227
2876229
2889134
2890312
2890315
2890321
2890327
2890331
2890333
2891127
2891131
2891541
2892171
2893010
2893164
2893385
2893866
2893867
2893868
2894698
2894801
2894802
2895778
2898008
2898011
2898012
2898024
2898029
2898448
2898452
2898461
2898495
2898565
2898967
2898976
2898990
2898992
2899892
2900618
2902153
2902450
2903333
2903335
2903844
2903872
2903957
2904119
2904481
2904489
2904784
2904785
2904934
2905716
2906914
2907012
2907022
2907028
2907073
2907080
2907084
2907087
2907088
2907128
2907263
2907461
2907843
2907844
2907847
2908370
2908371
2910533
2910684
2911129
2911368
2911370
2911374
2911377
2911378
2911380
2912479
2913881
2913882
2915574
2916087
2916088
2916389
2916510
2916522
2916872
2916877
2917176
2917366
2917401
2917402
2918558
2919645
2919646
2919754
2920978
2920981
2920986
2921011
2921050
2921300
2921660
2921963
2921964
2921968
2921972
2922082
2922083
2922093
2922094
2922165
2922793
2923569
2923570
2923572
2923577
2923647
2924194
2924792
2924796
2924797
2925357
2925364
2925365
2926473
2926474
2926475
2928442
2929725
2929785
2929797
2930588
2931175
2932067
2932068
2932074
2932774
2932775
2932780
2932782
2932799
2933421
2933981
2934134
2934138
2934139
2934140
2934628
2934679
2934683
2935139
2935141
2935143
2935463
2935819
2935852
2937318
2937321
2938031
2938337
2938726
2939269
2939376
2939380
2939911
2939912
2939943
2939945
2939946
2940093
2940097
2940103
2940111
2940115
2941009
2942073
2943149
2943151
2943152
2943253
2943255
2943260
2943265
2944136
2944462
2944510
2944536
2944760
2944798
2944942
2945036
2945148
2945195
2945253
2946543
2946551
2946686
2946687
2946695
2947077
2947080
2947084
2947308
2947310
2947766
2948189
2949430
2949492
2949789
2950863
2951378
2953237
2953240
2953244
2953444
2953445
2953507
2954081
2954237
2956643
2956650
2957914
2959385
2959718
2959878
2959885
2960795
2960797
2960812
2960907
2960908
2960909
2960916
2960994
2961322
2961869
2961895
2961916
2962211
2963370
2963374
2964476
2965137
2965616
2966211
2966488
2966709
2966711
2967615
2967836
2967867
2968220
2968223
2968229
2968416
2968417
2968418
2968420
2968421
2968425
2968426
2968428
2968430
2968436
2968438
2968564
2968586
2968716
2969255
2969625
2969626
2969627
2969628
2969630
2970654
2971816
2972458
2972460
2972462
2972529
2972581
2972582
2972583
2972585
2972588
2973033
2974375
2974377
2974379
2974393
2985258
2985259
2985262
2985263
2985655
2985724
2985800
2985804
2986258
2988757
2988914
2990402
2990420
2990426
2990427
2990431
2990732
2990737
2991289
2991294
2991305
2991306
2991319
2991320
2991321
2991326
2991330
2991338
2991347
2991348
2991355
2991401
2991413
2991420
2991430
2991432
2991435
2991436
2991444
2991447
2991448
2991449
2991450
2991469
2991541
2991546
2991554
2991557
2991559
2991697
2991722
2991733
2991740
2991797
2993890
2994679
2996428
2996433
2996434
2996435
2996463
2996687
2997343
2997344
2997345
2997348
2997353
2997354
2997355
2997386
2997387
2998980
2999320
2999435
2999438
3000552
3000584
3002062
3002396
3002400
3004252
3010015
3010211
3010212
3010306
3017811
3017812
3018511
3018928
3019270
3020971
3021414
3021417
3021420
3023324
3023416
3023419
3023525
3024266
3025076
3026437
3026491
3026782
3026847
3026849
3026850
3026851
3026853
3028250
3028257
3028262
3028273
3028390
3028840
3030065
3030067
3030701
3030877
3032020
3032021
3032030
3032034
3032036
3032052
3032196
3032197
3032198
3032367
3033829
3033959
3034448
3035657
3035659
3036487
3036489
3036490
3036491
3036504
3036507
3036511
3036512
3036584
3036589
3036590
3036592
3038073
3038075
3038080
3038081
3038101
3038312
3039196
3039776
3039972
3039977
3042388
3043034
3043036
3043043
3043051
3043763
3044982
3046490
3046898
3048620
3048787
3050039
3050041
3050044
3050045
3050048
3050060
3050066
3050069
3050070
3050071
3050092
3050103
3050411
3050459
3050465
3050469
3050470
3050875
3050878
3054506
3054507
3057195
3057196
3058528
3058737
3058740
3058741
3058801
3058802
3058821
3058993
3060421
3062858
3062860
3062866
3062868
3063004
3063029
3063035
3063037
3063080
3063088
3063113
3063129
3063135
3063202
3063208
3063210
3063216
3063534
3063575
3063579
3063694
3063700
3063822
3064591
3064592
3066441
3066444
3067761
3067763
3067766
3069425
3072087
3072329
3072330
3072331
3072333
3072335
3072391
3072495
3072501
3072507
3072513
3072514
3072918
3072967
3074063
3074066
3075645
3077038
3077040
3077041
3077042
3077043
3077259
3077346
3077348
3078676
3078678
3087220
3087364
3088436
3088437
3088458
3088480
3088483
3088491
3088493
3088497
3088507
3088642
3091531
3091551
3091555
3091556
3092404
3092601
3092602
3092605
3092607
3092609
3092610
3092628
3093798
3093801
3094861
3094862
3094863
3094964
3095003
3097245
3097273
3097278
3097363
3097366
3097367
3097370
3097372
3097373
3099477
3102548
3102551
3102554
3102557
3102563
3102569
3102570
3102574
3102575
3102599
3102603
3102605
3102607
3102620
3102624
310271
3102728
3102730
3102880
3102881
3102884
3103938
3103940
3103943
3104441
3104449
3104453
3105944
3106966
3106969
3106971
3106972
3106974
3107769
3107800
3107957
3107995
3108759
3108815
3108817
3108938
3110367
3110368
3110369
3111973
3111974
3113636
3113681
3113688
3113694
3114094
3116607
3117888
3117892
3117897
3117900
3117909
3117912
3117916
3118408
3119679
3119683
3119846
3119848
3119852
3119853
3119891
3119906
3119917
3121950
3121953
3123079
3123244
3124119
3124121
3124125
3124126
3124128
3124165
3124279
3124282
3124283
3124288
3124398
3124401
3124407
3124408
3124410
3124415
3124424
3124438
3124453
3125077
3125175
3126550
3127120
3127267
3127380
3127381
3127382
3127383
3127385
3127386
3127389
3127390
3127954
3127955
3127964
3127968
3128146
3128173
3128174
3128175
3129230
3129237
3129240
3129361
3132856
3133470
3133473
3133647
3133648
3133661
3134113
3134268
3134273
3134281
3136254
3136277
3136433
3136434
3136547
3136548
3137320
3137326
3137328
3137354
3137356
3137357
3137367
3137728
3137730
3137743
3143307
3143347
3143348
3143602
3145886
3146612
3146620
3146760
3146768
3146772
3146837
3146839
3146840
3146841
3146983
3147242
3147244
3147473
3147479
3147688
3147689
3148280
3148285
3148770
3149969
3149972
3150769
3150770
3150784
3151371
3151374
3151376
3153494
3153496
3153498
3153503
3153509
3153530
3154385
3154390
3154394
3155165
3155166
3158369
3158371
3158377
3158381
3159188
3160516
3162193
3162200
3162201
3162203
3162363
3162364
3162375
3163198
3163201
3163206
3163211
3163690
3164521
3166651
3166652
3166654
3166661
3166664
3167153
3169767
3170010
3170019
3170020
3170637
3170643
3170647
3170665
3170666
3170667
3171173
3171305
3171577
3172620
3172622
3173203
3173843
3173845
3175449
3175452
3175457
3175801
3175802
3175803
3175805
3175806
3175809
3175811
3175812
3175815
3175816
3175822
3176551
3176552
3176553
3176602
3176619
3176920
3177153
3178187
3178188
3178190
3178193
3178194
3178195
3178407
3178408
3178410
3178433
3178555
3178637
3178640
3178643
3178647
3178648
3180325
3180326
3180330
3180335
3180336
3180601
3180605
3181068
3181073
3181074
3181076
3181077
3181437
3181894
3183138
3183240
3184944
3185055
3185190
3186303
3186310
3186362
3186475
3186481
3186486
3186487
3186908
3186909
3187524
3187636
3190527
3190529
3190532
3190534
3191188
3191190
3192462
3193622
3194015
3194432
3194442
3194481
3195698
3197462
3197465
3197466
3197469
3197470
3197635
3197642
3197643
3197830
3198902
3198903
3198905
3198915
3198917
3198919
3198977
3198979
3198980
3200481
3202523
3202524
3202564
3202566
3203362
3203368
3203370
3203375
3204504
3206126
3206146
3206149
3216722
3216725
3216726
3216727
3216728
3216731
3217230
3217581
3217590
3218128
3218129
3218130
3218132
3218133
3218300
3220325
3220326
3220327
3220412
3220414
3223161
3223165
3223170
3223171
3223172
3223180
3223185
3223215
3223229
3223230
3223231
3224114
3228046
3241745
3241753
3241754
3241760
3241762
3259130
3259290
3259291
3259292
3259295
3262023
3262562
3262563
3265512
3265513
3265521
3265522
3265523
3265525
3265533
3265534
3267421
3267440
3267470
3268469
3268621
3268853
3269115
3269116
3269123
3269131
3269139
3269141
3269145
3269146
3269147
3269235
3269239
3269240
3269252
3269257
3269259
3269261
3269269
3269270
3269301
3269302
3269331
3269333
3269335
3269554
3269558
3269816
3271794
3271975
3271990
3271996
3272860
3272868
3272871
3272873
3273113
3274349
3274352
3274756
3274816
3275458
3277012
3277029
3277049
3277057
3277060
3278707
3278793
3278794
3278796
3278798
3278801
3278805
3278806
3279026
3281708
3281709
3281739
3281990
3282155
3282526
3282527
3282530
3282531
3282537
3283224
3283227
3283229
3283230
3283231
3283233
3283237
3283569
3283628
3283634
3283636
3284644
3284645
3284648
3284649
3284650
3286315
3286317
3286319
3286321
3286322
3286328
3286329
3286370
3286770
3286797
3286798
3286799
3287085
3287627
3287628
3288261
3289177
3290016
3290018
3290021
3290022
3290023
3290689
3290771
3290772
3290773
3290776
3290777
3290780
3290788
3290795
3290804
3290805
3290806
3290812
3291263
3292672
3292952
3295632
3295927
3295928
3295930
3295951
3295954
3295963
3295966
3296297
3296298
3297125
3297129
3298467
3298510
3298513
3298514
3298517
3298518
3299983
3299989
3299993
3299994
3299995
3299996
3299998
3299999
3300000
3300001
3300003
3300243
3300246
3300247
3300248
3300253
3300391
3300803
3301753
3301754
3301758
3301759
3301760
3301763
3301837
3301841
3301845
3301977
3301978
3302014
3302768
3302771
3302773
3303420
3303439
3303440
3303451
3304235
3304243
3304250
3304252
3305596
3306840
3307115
3307507
3307512
3307523
3307524
3307525
3307529
3307530
3307531
3307532
3307536
3307541
3307550
3307554
3307559
3307562
3307563
3307568
3307582
3307583
3309366
3312730
3312733
3312736
3312737
3312738
3312740
3312741
3312743
3312748
3312750
3312752
3312756
3312762
3312763
3312764
3313273
3313274
3313481
3313522
3313532
3313535
3313537
3313542
3313543
3314706
3314707
3314709
3315143
3318078
3318082
3318907
3318989
3318994
3318999
3319009
3319078
3319670
3320843
3320896
3320897
3320899
3320901
3320907
3320908
3321891
3321927
3323403
3323412
3323449
3323460
3323470
3323731
3323827
3324966
3324968
3324969
3324970
3324971
3324972
3324973
3324975
3325832
3326332
3326333
3326334
3327922
3329092
3329094
3329095
3329099
3329139
3329143
3329148
3329162
3330994
3331827
3331828
3331829
3331831
3331833
3331834
3331845
3331892
3336462
3336486
3336521
3338099
3338805
3341091
3341114
3341188
3341195
3341198
3341244
3341351
3341682
3341685
3341686
3341691
3341693
3341695
3344223
3344234
3344384
3344510
3346458
3346477
3346486
3346496
3346756
3347002
3347553
3347603
3355869
3355877
3355893
3356599
3358215
3358216
3358219
3358220
3358223
3360140
3360144
3360254
3360697
3360698
3360702
3365234
3365808
3365809
3366043
3366045
3366047
3366146
3368154
3368384
3370825
3370989
3371890
3375772
3376085
3377012
3377013
3377021
3377023
3380196
3380198
3380199
3380370
3380379
3380382
3380429
3384138
3385797
3387577
3387579
3387585
3387646
3387650
3387651
3387804
3387805
3387808
3387811
3387827
3387829
3391383
3391384
3391386
3391387
3391391
3391394
3393648
3394223
3394224
3394234
3399207
3402036
3402049
3402545
3409451
3414017
408430
411916
430060
456887
456889
464125
476507
480581
522538
522829
524050
527031
539675
564162
575619
604258
641761
661697
661784
661813
661816
674601
676913
748241
758109
758121
758739
761298
772084
781912
795190
805843
809489
809494
813767
816736
818197
835917
849492
860355
904405
907725
907731
935620
939535
941415
941421
960148
960427
961219
961615
964528
964536
988995
995796
